       1  2  3  4  5  6  7  8  9 10 11 12 13 14 15 16 17 18 19 20 21 22 23 24 25 26 27 28 29 30 31 32 33 34 35 36 37 38 39 40 41 42 43 44 45
  1 > .3 .3 .3 .3 .3 .3 .3 .3 .3 .3 .3 .3 .3 .3 .3 .3 .4 .4 .4 .4 $3 .3 .3 .3 $3 .3 .4 .4 .4 .4 .4 .4 .4 .4 .4 .4 .4 .3 .3 .3 .3 .3 .3 .3 .3 <  1
  2 > .3 .3 .3 .3 .3 .3 .3 .3 .3 .3 .3 .3 .3 .3 .3 .3 .4 .3 .4 .3 $3 .3 .3 .3 $3 .3 .3 .3 .4 .3 .4 .4 .3 .3 .4 .3 .3 .3 .3 .3 .3 .3 .3 .3 .3 <  2
  3 > .3 .3 .3 .3 .3 .3 .3 .3 .3 .3 .3 .3 .3 .3 .3 .3 .3 .3 .3 .3 $3 .3 .3 .3 $3 .3 .3 .4 .4 .3 .3 .3 .3 .3 .3 .3 .3 .3 .3 .3 .3 .3 .3 .3 .3 <  3
  4 > .3 .3 .3 .3 .3 .3 .3 .3 .3 .3 .3 .3 .3 .3 .3 .3 .3 .3 .3 .3 $3 $3 $3 $3 $3 .3 .3 .3 .3 .3 .3 .3 .3 .3 .3 .3 .3 .3 .3 .3 .3 .3 .3 .3 .3 <  4
  5 > .3 .3 .3 .3 .3 .3 .3 .3 .3 .3 .3 .3 .3 .3 .3 .3 .3 .3 .3 .3 .3 .3 .3 .3 .3 .3 .3 .3 .3 .3 #3 .3 .3 .3 .3 .3 .3 .3 .3 .3 .3 .3 .3 .3 .3 <  5
  6 > .3 .3 .3 .3 .3 .3 .3 .3 .3 .3 .3 .3 .3 .3 .3 .3 .3 .3 .3 .3 .3 .3 .3 .3 .3 .3 .3 .3 .3 .3 #3 #3 .3 .3 .3 .3 .3 .3 .3 .3 .3 .3 .3 .3 .3 <  6
  7 > .3 .3 .2 .2 .2 .2 .2 .3 .3 .3 .3 .3 .3 .3 .3 .3 .3 .3 .3 .3 .3 .3 .3 .3 .3 .3 .3 .3 .3 .3 .3 #3 #3 .3 .3 .3 .3 .3 .3 .3 .3 .3 .3 .3 .3 <  7
  8 > .2 .2 .2 .2 .2 .2 .2 .3 .3 .3 .3 .3 .3 .3 .3 .3 .3 .3 .3 .3 .3 .3 .3 .3 .3 .3 .3 .3 .3 .3 .3 .3 #3 .3 .3 .3 .3 .3 .3 .3 .3 .3 .3 .3 .3 <  8
  9 > .2 .2 .2 .2 .2 .2 .2 .3 .3 .3 .3 .3 .3 .3 .3 .3 .3 .3 .3 .3 .3 .3 .3 .3 .3 .3 .3 .3 .3 .3 .3 .3 .3 .3 .3 .3 .3 .3 .3 .3 .3 .3 .3 .3 .3 <  9
 10 > .2 .2 .2 .2 .2 .2 .2 .2 .2 .3 .3 .3 .3 .3 .3 .3 .3 .3 .3 .3 .3 .3 .3 .3 .3 .3 .3 .3 .3 .3 .3 .3 .3 .3 .3 .3 .3 .3 .3 .3 .3 .3 .3 .3 .3 < 10
 11 > .2 .2 .2 .2 .2 .2 .2 .2 .2 .3 .3 .3 .3 .3 .3 .3 .3 .3 .3 .3 .3 .3 .3 .3 .3 .3 .3 .3 .3 .3 .3 .3 .3 .3 .3 .3 .3 .3 .3 .3 .3 .3 .3 .3 .3 < 11
 12 > .2 .2 .2 #2 #2 .2 .2 .2 .2 .3 .3 .3 .3 .3 .3 .3 .3 .3 .3 .3 .3 .3 .3 .3 .3 .3 .3 .3 .3 .3 .3 .2 .2 .3 .3 .2 .3 .3 .3 .3 .3 .3 .3 .3 .3 < 12
 13 > .2 .2 .2 #2 #2 .2 .2 .2 .2 .3 .3 .3 .3 .3 .3 .3 .3 .3 .3 .3 .3 .3 .3 .3 .3 .3 .3 .3 .3 .3 .2 .2 .2 .2 .2 .2 .3 .3 .3 .3 .3 .3 .3 .3 .3 < 13
 14 > .2 .2 .2 .2 .2 .2 .2 .2 .2 .3 .3 .3 .2 .2 .2 .2 .2 .2 .3 .3 .3 .3 .3 .3 .3 .3 .3 .3 .3 .3 .3 .2 .2 .2 .2 .2 .2 .2 .2 .2 .3 .2 .2 .2 .2 < 14
 15 > .2 .2 .2 .2 .2 .2 .2 .2 .2 .3 .3 .3 .2 .2 .2 .2 .2 .2 .3 .3 .3 .3 .2 .3 .3 .2 .3 .3 .3 .3 .3 .3 .3 .2 .2 .2 .2 .2 .2 .2 .2 .2 .2 .2 .2 < 15
 16 > .2 .2 .2 .2 .2 .2 .2 .2 .2 .2 .2 .2 .2 .2 .2 .2 .3 .3 .3 .3 .3 .2 .2 .2 .2 .2 .2 .3 .2 .3 .3 .3 .3 .2 .2 .2 .2 .2 .2 .2 .2 .2 .2 .2 .2 < 16
 17 > .2 .2 .2 .2 .2 .2 .2 .2 .2 .2 .2 .2 .2 .2 .2 .3 .3 .3 .3 .3 .3 .3 .2 .2 .2 .2 .2 .2 .2 .2 .3 .3 .2 .2 .2 .2 .2 .2 .2 .2 .2 .2 .2 .2 .2 < 17
 18 > .2 .2 .2 .2 .2 .2 .2 .2 .2 .2 .2 .2 .2 .2 .2 .2 .2 .3 .3 .3 .3 .2 .2 .2 .2 .2 .2 .2 .2 .2 .2 .2 .2 .2 .2 .2 .2 .2 .2 .2 .2 .2 .2 .2 .2 < 18
 19 > .2 .2 .2 .2 .2 .2 .2 .2 .2 .2 .2 .2 .2 .2 .2 #2 #2 #2 .3 b3 b2 b2 .2 .2 .2 .2 .2 .2 .2 .2 .2 .2 .2 .2 .2 .2 .2 .2 .2 .2 .2 .2 .2 .2 .2 < 19
 20 > .2 .2 .2 .2 .2 .2 .2 .2 .2 .2 .2 .2 .2 .2 #2 #2 .2 b2 b2 b2 b2 b2 b2 .2 .2 .2 .2 W2 .2 .2 .2 .2 .2 .2 .2 .2 .2 .2 .2 .2 .2 .2 .2 .2 .2 < 20
 21 > .2 .2 .2 .2 .2 .2 .2 .2 .2 .2 .2 .2 .2 .2 .2 .2 b2 b2 b2 b2 b2 b2 .2 .2 .2 .2 W2 W2 W2 W2 .2 .2 .2 .2 .2 .2 .2 .2 .2 .2 .2 .2 .2 .2 .2 < 21
 22 > .1 .1 .2 .2 .2 .2 .2 .2 .2 .2 .2 .2 .2 .2 .2 .2 .2 .2 b2 b2 .2 .2 .2 .2 W2 W2 W2 W2 W2 .2 .2 .2 .2 .2 .2 .2 .2 .2 .2 .2 .2 .2 .2 .2 .2 < 22
 23 > .1 .1 .1 .2 .2 .2 .2 .2 .2 .1 .2 .2 .2 .2 .2 .2 .2 .2 .2 .2 .2 .2 .2 .2 .2 W2 W2 W2 .2 .2 .2 .2 .2 .2 .2 .2 .2 .2 .2 .2 .2 .2 .2 .2 .2 < 23
 24 > .1 .1 .1 .1 .1 .1 .1 .1 .1 .1 .2 .2 .2 .2 .2 .2 .2 .2 .2 .2 .2 .2 .2 .2 .2 W2 W2 .2 .2 .2 .2 .2 .2 .2 .2 .2 .2 .2 .2 .2 .2 .2 #2 #2 .2 < 24
 25 > .1 .1 .1 #1 .1 .1 .1 .1 .1 .1 .1 .2 .2 .2 .2 .2 .2 .2 .2 .2 .2 .2 .2 .2 .2 .2 .2 .2 .2 .2 .2 .2 .2 .2 .2 .2 .2 .2 .2 .2 .2 .2 #2 #2 .2 < 25
 26 > .1 .1 .1 #1 #1 .1 .1 .1 .1 .1 .1 .2 .2 .2 .2 .2 .2 .2 .2 .2 .2 .2 .2 .2 .2 .2 .2 .2 .2 .2 .2 .2 .2 .2 .2 .2 .2 .2 .2 .2 .2 .2 .2 .2 .2 < 26
 27 > .1 .1 .1 .1 #1 #1 .1 .1 .1 .1 .1 .1 .2 .2 .2 .2 .2 .2 .1 .1 .2 .2 .2 .2 .2 .2 .2 .2 .2 .2 .2 .2 .2 .2 .2 .2 .2 .2 .2 .2 .2 .2 .2 .2 .2 < 27
 28 > .1 .1 .2 .2 .2 #2 .2 .1 .1 .1 .2 .2 .2 .2 .2 .2 .1 .1 .1 .1 .2 .2 .2 .2 .2 .2 .2 .2 .2 .2 .2 .2 .2 .2 .2 .2 .2 .2 .2 .2 .2 .2 .2 .2 .2 < 28
 29 > .2 .2 .2 .2 .2 .2 .2 .2 .2 .1 .2 .2 .2 .2 .2 .2 .1 .1 .1 .1 .2 .2 .2 .2 .2 .2 .2 .2 .2 .2 .2 .2 .2 .2 .2 .2 .2 .2 .2 .2 .2 .2 .2 .2 .2 < 29
 30 > .2 .2 .2 .2 .2 .2 .2 .2 .2 .1 .2 .2 .2 .2 .2 .2 .1 .1 .2 .2 .2 .2 .2 .2 .2 .2 .2 .2 .2 .2 .2 .2 .2 .2 .2 .2 .2 .2 .2 .2 .2 .2 .2 .2 .2 < 30
 31 > .2 .2 .2 .2 .2 .2 .2 .2 .2 .2 .2 .2 .2 .2 .2 .2 .2 .2 .2 .2 .2 .2 .2 .2 .2 .2 .2 .2 .2 .2 .2 .2 .2 .2 .2 .2 .2 .2 .2 .2 .2 .2 .2 .2 .2 < 31
 32 > .2 .2 .2 .2 .2 .2 .2 .2 .2 .2 .2 .2 .2 .2 .2 .2 .2 .2 .2 .2 .2 .2 .2 .2 .2 .2 .3 .3 .3 .2 .2 .2 .2 .2 .2 .2 .2 .3 .3 .3 .2 .2 .2 .2 .2 < 32
 33 > .2 .2 .2 .2 .2 .2 .2 .2 .2 .2 .2 .2 .2 .2 .2 .2 .2 .2 .2 .2 .2 .2 .3 .3 .2 .3 .3 .3 .3 .2 .2 .2 .2 .2 .2 .2 .3 .3 #3 #3 #2 .2 .2 .2 .2 < 33
 34 > .2 .2 .2 .2 .2 .2 .2 .2 .2 .2 .2 .2 .2 .2 .2 .2 .2 .2 .2 .2 .2 .3 .3 .3 .2 .3 .3 .3 .3 .3 .3 .2 .3 .2 .3 .3 .3 .3 #3 #3 #2 .2 .2 .2 .2 < 34
 35 > .2 .2 .2 .2 .2 .2 .2 .2 .2 .2 .2 .2 .2 .2 .2 .2 .2 .2 .2 .2 .3 .3 .3 .3 .3 .3 .3 .3 .3 .3 .3 .3 .3 .2 .3 .3 .3 .3 #3 #3 #3 .2 .2 .2 .2 < 35
 36 > .3 .3 .2 .2 .2 .2 .2 .2 .2 .2 .2 .2 .2 .2 .2 .2 .2 #2 .2 .2 .3 .3 .3 .3 .3 .3 .3 .3 .3 .3 .3 .3 .3 .3 .3 .3 .3 .3 .3 .3 .3 .3 .2 .2 .2 < 36
 37 > .3 .3 .3 .3 .3 .2 .2 .2 .2 .2 .2 .2 .2 .2 .2 .2 .2 #2 #3 .3 .3 .3 .3 .3 .3 .3 .3 .3 .3 .3 .3 .3 .3 .3 .3 .3 .3 .3 .3 .3 .3 .3 .3 .2 .2 < 37
 38 > .3 .3 .3 .2 .2 .2 .2 .2 .2 .2 .2 .2 .2 .2 .2 .2 .2 .3 #3 #3 .3 .3 .3 .3 .3 .3 .3 .3 .3 .3 .3 .3 .3 .3 .3 .3 .3 .3 .3 .3 .3 .3 .3 .3 .2 < 38
 39 > .3 .3 .3 .3 .3 .2 .2 .2 .2 .2 .2 .2 .2 .2 .2 .2 .2 .3 .3 #3 .3 .3 .3 .3 .3 .3 .3 .3 .3 .3 .3 .3 .3 .3 .3 .3 .3 .3 .3 .3 .3 .3 .3 .3 .3 < 39
 40 > .3 .3 .3 .3 .3 .2 .2 .2 .2 .2 .2 .2 .2 .3 .3 .2 .3 .3 .3 .3 .3 .3 .3 .3 .3 .3 .3 .3 .3 .3 .3 .3 .3 .3 .3 .3 .3 .3 .3 .3 .3 .3 .3 .3 .3 < 40
       1  2  3  4  5  6  7  8  9 10 11 12 13 14 15 16 17 18 19 20 21 22 23 24 25 26 27 28 29 30 31 32 33 34 35 36 37 38 39 40 41 42 43 44 45